account_id,wins,losses,total
1061967760,167,134,301
380663148,541,456,997
167742724,2638,2679,5317
164881922,1932,1642,3574
290971350,1130,1135,2265
1221385501,137,171,308
157035951,6861,6851,13712
345161148,1699,1597,3296
186325061,92,110,202
136498061,1945,1952,3897
327210152,1147,1129,2276
101226356,2499,2302,4801
198998465,1086,1054,2140
167517249,2611,2731,5342
129683087,4814,4761,9575
144030630,1581,1648,3229
137756036,2006,2015,4021
348586163,76,85,161
120543887,225,244,469
1022379042,208,194,402
362637453,1717,1628,3345
352551520,2863,2651,5514
213302923,1338,1388,2726
910515065,491,522,1013
195614200,284,301,585
488860225,73,83,156
308727500,3128,2851,5979
718261530,0,0,0
184421597,63,40,103
405079318,196,150,346
129557668,3027,3027,6054
365449874,220,245,465
449229440,402,398,800
443857971,2100,2049,4149
167846563,320,330,650
127117527,1574,1307,2881
441019087,1533,1304,2837
349754378,666,769,1435
157942237,951,975,1926
1094305887,456,436,892
137410368,640,601,1241
383430869,34,13,47
161408457,908,735,1643
128161292,2561,2464,5025
130106718,5214,5133,10347
219100054,1586,1472,3058
142004798,2929,2534,5463
140312673,4121,4135,8256
134995830,301,246,547
162163576,8881,8851,17732
218798341,417,414,831
248981739,1856,1447,3303
197242746,19,23,42
110839273,997,775,1772
504070900,0,0,0
1142093437,1302,1166,2468
948966830,0,0,0
1096027252,227,241,468
151769622,1668,1646,3314
836387725,2040,1921,3961
138850680,404,381,785
143870857,1341,1370,2711
260237708,1297,1213,2510
292843967,2002,1834,3836
457314364,1849,1804,3653
171437219,1733,1632,3365
193915775,1062,1022,2084
371462799,652,658,1310
469320562,402,390,792
295723066,1056,968,2024
260049205,604,566,1170
234897379,463,411,874
464949116,215,176,391
1051632941,500,473,973
1004635433,822,771,1593
934115400,0,0,0
268268652,1538,1380,2918
1009091770,953,764,1717
375815862,520,471,991
853915393,115,122,237
485176128,13,14,27
142044039,461,549,1010
141370647,2940,2990,5930
131474321,641,612,1253
282761654,447,472,919
1061231335,1772,1550,3322
1184793138,533,512,1045
370781551,1094,1131,2225
254044228,203,196,399
125800387,627,606,1233
149239914,1125,1126,2251
1246576454,396,379,775
177479596,771,704,1475
611388808,757,564,1321
132131304,384,311,695
136010529,791,757,1548
129879232,2479,2213,4692
217868038,916,643,1559
126568213,943,875,1818
176303716,1725,1740,3465
190210711,4015,4111,8126
153029601,2777,2838,5615
136523395,2233,2274,4507
204038331,2326,2316,4642
295322165,177,170,347
206806703,274,217,491
303014025,1113,1065,2178
925995422,483,456,939
1339929555,200,167,367
423653543,2106,2087,4193
144601145,1418,1429,2847
161126685,4631,4592,9223
145366124,795,788,1583
145212342,1861,1683,3544
143435187,725,753,1478
292772609,5513,5412,10925
138005143,472,430,902
193803719,2405,2351,4756
1278752152,290,251,541
1057642255,313,282,595
404294058,311,254,565
947575630,0,0,0
359292945,456,490,946
410505532,2083,1603,3686
997890166,720,580,1300
1101640444,651,632,1283
373369540,178,237,415
231351807,271,247,518
203100010,823,829,1652
400363271,543,518,1061
187522162,393,366,759
882119149,875,822,1697
334200926,779,623,1402
243653517,3528,3170,6698
179683890,841,791,1632
192268080,1637,1628,3265
175550451,1357,1300,2657
407150397,1829,1778,3607
1048107080,295,244,539
1071034672,214,179,393
109580479,2749,2592,5341
395554141,772,722,1494
166644591,875,835,1710
1112136365,572,472,1044
370773154,72,65,137
121586153,1921,1871,3792
455529920,0,0,0
166125296,655,632,1287
148224682,1809,1844,3653
173369439,106,71,177
337725845,214,212,426
479416229,199,224,423
1102443244,2218,1982,4200
895875225,1581,1424,3005
131246802,4234,3814,8048
379740963,299,408,707
1043002141,157,150,307
194017616,1283,1270,2553
907232276,133,169,302
185646064,905,844,1749
938414780,0,0,0
194821301,3144,3026,6170
149371396,2842,2831,5673
349336484,747,579,1326
171941570,1536,1412,2948
337577380,1207,1060,2267
170453627,2337,1973,4310
120246501,187,200,387
234012830,2915,2838,5753
903118729,83,76,159
1402901524,23,16,39
385941358,483,437,920
1024444828,215,116,331
1021587169,284,243,527
387927320,673,683,1356
371394742,527,590,1117
871541145,578,562,1140
485471050,0,0,0
329508840,162,98,260
149947093,3208,3221,6429
1028667010,129,160,289
403733694,1119,1101,2220
1197916961,275,290,565
145689592,254,339,593
254047336,692,694,1386
1269320543,51,51,102
199970534,4344,4031,8375
104500774,4471,4093,8564
410220395,1049,928,1977
238955847,6140,5772,11912
433370472,460,483,943
182425454,1749,1799,3548
128187888,2003,1918,3921
122597505,980,1057,2037
1078948738,543,521,1064
145606430,5733,5533,11266
169123922,2693,2684,5377
187656327,758,724,1482
248421936,2738,2688,5426
427119193,551,534,1085
1033075999,811,704,1515
454654235,3195,2867,6062
303896610,1535,1206,2741
248709684,1546,1406,2952
390727870,161,207,368
247734473,617,463,1080
268361540,419,355,774
1349902362,44,54,98
153414443,2181,2161,4342
138876447,1363,1307,2670
142022313,1650,1599,3249
109993793,773,822,1595
137108127,574,582,1156
164381917,1147,1072,2219
508828400,0,0,0
155383556,337,337,674
376884895,1902,2054,3956
143826994,2206,2146,4352
1007147379,697,660,1357
138189678,336,237,573
132178882,2036,1955,3991
173487372,601,685,1286
909982775,46,60,106
255802605,258,261,519
227660565,1837,1846,3683
1155100963,434,358,792
202917714,3477,3040,6517
439810752,1304,1201,2505
967878929,103,89,192
101005587,592,540,1132
219392314,606,757,1363
140386828,4324,4140,8464
163514653,917,651,1568
203197673,3488,3465,6953
152881386,2398,2463,4861
389167051,914,910,1824
292686154,1486,1441,2927
140578768,1840,1872,3712
203183536,2244,2334,4578
112624622,1990,2061,4051
130310319,2212,2317,4529
233422854,282,241,523
1256401770,794,766,1560
1103403813,427,445,872
871792389,359,322,681
437601765,1345,849,2194
189380685,3037,2765,5802
913430972,562,213,775
140104489,2423,2343,4766
1121170451,247,229,476
911615836,292,252,544
162942232,1215,1212,2427
767434930,0,0,0
127936029,1829,1785,3614
105584735,1140,1152,2292
135623933,677,696,1373
375350901,1471,1378,2849
367293857,638,640,1278
484559360,422,452,874
110852578,3354,3264,6618
416129898,917,854,1771
425379636,862,847,1709
388747024,328,286,614
480202134,59,60,119
150371819,309,230,539
252315319,2975,2855,5830
180351590,435,374,809
1440303323,80,66,146
372335880,98,96,194
157713163,1445,1428,2873
673643640,0,0,0
213551166,2376,2329,4705
1243923045,289,274,563
318627709,1077,956,2033
119836953,2119,2028,4147
180130240,1079,876,1955
154562823,2546,2209,4755
112734029,1119,1116,2235
190456324,800,850,1650
110635225,1767,1891,3658
137103862,1422,1401,2823
227841954,1361,1282,2643
113213194,2137,2125,4262
121981169,368,316,684
868915544,1352,1342,2694
223431966,1455,1448,2903
136372741,1314,1335,2649
357390758,1848,1731,3579
244885547,1899,1736,3635
231296881,456,512,968
185523735,235,238,473
135269877,4089,3969,8058
897062291,578,437,1015
910284485,1021,895,1916
322596513,1011,882,1893
135191332,2156,2088,4244
1164407267,372,355,727
226337555,1628,1629,3257
909094029,246,277,523
164882500,860,890,1750
240278569,635,594,1229
137768327,1016,1046,2062
246364969,1619,1661,3280
408015007,240,256,496
173517783,3675,3471,7146
340031770,1643,1521,3164
924537752,146,126,272
1258778641,71,47,118
227326506,564,682,1246
1272618483,65,51,116
110730354,1701,1505,3206
139320890,1205,1329,2534
130224646,2036,2209,4245
130031727,1667,1970,3637
414369690,4174,3975,8149
188188466,2772,2518,5290
385796829,1394,1350,2744
279720210,869,1035,1904
1015890911,327,379,706
110718422,4198,4178,8376
327669936,2799,2720,5519
133878452,1898,1796,3694
138468285,4019,3930,7949
1417600885,86,74,160
381579097,773,789,1562
689298790,0,0,0
366229334,737,727,1464
104908816,1078,1038,2116
893788460,596,526,1122
353173485,422,546,968
176752957,1429,1561,2990
292919437,1278,1242,2520
206377464,1995,2107,4102
1021474693,525,494,1019
451579179,2052,2020,4072
849458309,241,237,478
479981690,23,36,59
121521137,2825,2853,5678
1255303941,459,413,872
138814949,1442,1567,3009
967510650,0,0,0
191966236,2304,2134,4438
392216063,1478,1415,2893
959859900,0,0,0
366630427,1237,1173,2410
143291368,1981,1913,3894
124949416,253,228,481
275801852,182,126,308
128200151,29,26,55
139763963,4047,3926,7973
134717662,3896,3856,7752
107181026,2003,1730,3733
403987429,1443,1317,2760
344005958,1120,1106,2226
167496124,4877,4703,9580
997377744,426,398,824
1101807733,666,612,1278
101777133,3631,3335,6966
135412093,2787,2661,5448
136223394,1087,898,1985
114087283,745,690,1435
740507560,0,0,0
204655516,4721,4395,9116
161656980,421,285,706
847152704,744,709,1453
326820252,2319,2204,4523
212097903,2170,2089,4259
120871990,2998,3034,6032
303505038,1232,965,2197
604817210,0,0,0
169998099,1112,1043,2155
239938454,617,586,1203
369855793,625,536,1161
167189279,831,733,1564
159632139,3330,2850,6180
162140125,2622,2221,4843
128101048,2902,2812,5714
155922988,276,351,627
359962185,529,483,1012
426109193,176,165,341
389987871,619,538,1157
138610609,1763,1742,3505
183144579,2862,2796,5658
135087854,3227,2971,6198
711774280,0,0,0
315147723,2616,2490,5106
165627034,128,146,274
242788739,178,139,317
165035230,836,783,1619
113897728,2136,2191,4327
218432174,2770,2863,5633
167293254,4095,4172,8267
141002287,6056,6244,12300
136563420,1346,1300,2646
487673160,1336,1260,2596
152867979,374,346,720
137762356,1450,1542,2992
173992988,1405,1346,2751
841951380,0,0,0
252270945,717,690,1407
124911448,1192,1126,2318
328937982,1495,1384,2879
368971216,1021,924,1945
113495802,5220,5116,10336
364597550,3783,3705,7488
406464797,4604,4352,8956
165106483,2035,1833,3868
206644773,701,646,1347
285605068,3081,3035,6116
249651676,310,304,614
168483008,2307,2334,4641
240148345,1462,1311,2773
180825488,2442,2311,4753
1225143079,191,151,342
438500497,527,619,1146
208962832,916,890,1806
198539468,94,82,176
866670643,107,116,223
260385113,1849,1822,3671
317388321,547,524,1071
230836846,330,374,704
139063655,1884,1884,3768
131125356,2565,2657,5222
1031464695,0,0,0
166459048,0,0,0
192200895,0,0,0
312582076,0,0,0
227520317,0,0,0
253208908,0,0,0
955209300,0,0,0
135014854,0,0,0
129935224,0,0,0
168541370,0,0,0
137826227,0,0,0
141926570,0,0,0
147575329,0,0,0
1180740935,0,0,0
371196800,0,0,0
233614831,0,0,0
228832333,0,0,0
147946326,0,0,0
141429565,0,0,0
183595464,0,0,0
326125669,0,0,0
361360792,0,0,0
1009091915,0,0,0
906809895,0,0,0
338578593,0,0,0
1106691807,0,0,0
879850047,0,0,0
254951970,0,0,0
848616111,0,0,0
457950403,0,0,0
483236390,0,0,0
382432270,0,0,0
344015454,0,0,0
1231358140,0,0,0
1217623797,0,0,0
185935382,0,0,0
194855185,0,0,0
136145112,0,0,0
903641167,0,0,0
143577334,0,0,0
191652246,0,0,0
165061823,0,0,0
401087564,0,0,0
158685963,0,0,0
209245726,0,0,0
267410084,0,0,0
271678272,0,0,0
161718136,0,0,0
1193381001,0,0,0
122054373,0,0,0
367708284,0,0,0
451383711,0,0,0
102901253,0,0,0
204596371,0,0,0
416806418,0,0,0
137764089,0,0,0
980210823,0,0,0
968261384,0,0,0
213296007,0,0,0
197946416,0,0,0
215887385,0,0,0
1122724215,0,0,0
334214188,0,0,0
207406884,0,0,0
866760780,0,0,0
342503507,0,0,0
226810397,0,0,0
353797521,0,0,0
240978989,0,0,0
884635974,0,0,0
882898280,0,0,0
285817822,0,0,0
283387410,0,0,0
201082630,0,0,0
183962036,0,0,0
988787790,0,0,0
192266679,0,0,0
account_id,wins,losses,total
1061967760,168,134,302
380663148,541,456,997
167742724,2643,2682,5325
164881922,1932,1642,3574
290971350,1130,1135,2265
1221385501,137,171,308
157035951,6864,6855,13719
345161148,1700,1598,3298
186325061,97,115,212
136498061,1947,1952,3899
327210152,1147,1129,2276
101226356,2499,2302,4801
198998465,1086,1054,2140
167517249,2611,2731,5342
129683087,4814,4761,9575
144030630,1581,1648,3229
137756036,2006,2015,4021
348586163,76,85,161
120543887,225,244,469
1022379042,210,196,406
362637453,1717,1631,3348
352551520,2864,2651,5515
213302923,1340,1392,2732
910515065,491,524,1015
195614200,284,301,585
488860225,74,84,158
308727500,3128,2851,5979
718261530,0,0,0
184421597,63,40,103
405079318,196,151,347
129557668,3027,3027,6054
365449874,221,247,468
449229440,403,400,803
443857971,2100,2049,4149
167846563,320,330,650
127117527,1575,1309,2884
441019087,1535,1308,2843
349754378,668,772,1440
157942237,954,975,1929
1094305887,458,437,895
137410368,643,601,1244
383430869,37,14,51
161408457,908,735,1643
128161292,2561,2464,5025
130106718,5214,5133,10347
219100054,1592,1475,3067
142004798,2929,2535,5464
140312673,4121,4135,8256
134995830,301,247,548
162163576,8881,8852,17733
218798341,417,414,831
248981739,1856,1447,3303
197242746,21,23,44
110839273,998,776,1774
504070900,0,0,0
1142093437,1302,1166,2468
948966830,0,0,0
1096027252,227,241,468
151769622,1668,1646,3314
836387725,2041,1922,3963
138850680,404,381,785
143870857,1341,1370,2711
260237708,1297,1213,2510
292843967,2004,1836,3840
457314364,1849,1804,3653
171437219,1733,1632,3365
193915775,1063,1022,2085
371462799,652,658,1310
469320562,402,391,793
295723066,1062,968,2030
260049205,604,566,1170
234897379,469,411,880
464949116,217,176,393
1051632941,502,473,975
1004635433,823,771,1594
934115400,0,0,0
268268652,1538,1380,2918
1009091770,953,764,1717
375815862,520,471,991
853915393,115,122,237
485176128,13,14,27
142044039,461,549,1010
141370647,2940,2990,5930
131474321,641,612,1253
282761654,449,472,921
1061231335,1774,1553,3327
1184793138,535,512,1047
370781551,1095,1132,2227
254044228,207,199,406
125800387,627,606,1233
149239914,1125,1126,2251
1246576454,396,379,775
177479596,772,704,1476
611388808,757,564,1321
132131304,385,312,697
136010529,791,759,1550
129879232,2479,2213,4692
217868038,916,643,1559
126568213,944,875,1819
176303716,1725,1740,3465
190210711,4015,4112,8127
153029601,2777,2838,5615
136523395,2233,2274,4507
204038331,2326,2316,4642
295322165,177,170,347
206806703,274,217,491
303014025,1113,1065,2178
925995422,485,457,942
1339929555,200,167,367
423653543,2106,2087,4193
144601145,1418,1429,2847
161126685,4631,4597,9228
145366124,795,788,1583
145212342,1861,1683,3544
143435187,725,753,1478
292772609,5513,5414,10927
138005143,473,431,904
193803719,2406,2352,4758
1278752152,292,252,544
1057642255,316,282,598
404294058,314,254,568
947575630,0,0,0
359292945,456,490,946
410505532,2083,1605,3688
997890166,721,581,1302
1101640444,653,632,1285
373369540,178,237,415
231351807,271,247,518
203100010,823,829,1652
400363271,543,518,1061
187522162,393,366,759
882119149,875,822,1697
334200926,779,623,1402
243653517,3528,3171,6699
179683890,841,791,1632
192268080,1638,1630,3268
175550451,1358,1301,2659
407150397,1831,1778,3609
1048107080,295,244,539
1071034672,216,179,395
109580479,2749,2593,5342
395554141,772,725,1497
166644591,875,835,1710
1112136365,572,472,1044
370773154,72,66,138
121586153,1921,1872,3793
455529920,0,0,0
166125296,655,633,1288
148224682,1809,1844,3653
173369439,106,71,177
337725845,214,212,426
479416229,199,224,423
1102443244,2218,1983,4201
895875225,1583,1424,3007
131246802,4234,3814,8048
379740963,299,408,707
1043002141,157,151,308
194017616,1283,1271,2554
907232276,135,170,305
185646064,910,846,1756
938414780,0,0,0
194821301,3144,3026,6170
149371396,2842,2831,5673
349336484,747,579,1326
171941570,1537,1412,2949
337577380,1207,1060,2267
170453627,2337,1973,4310
120246501,187,200,387
234012830,2915,2840,5755
903118729,83,76,159
1402901524,23,16,39
385941358,483,437,920
1024444828,215,116,331
1021587169,284,243,527
387927320,673,683,1356
371394742,527,591,1118
871541145,578,562,1140
485471050,0,0,0
329508840,162,98,260
149947093,3208,3221,6429
1028667010,129,160,289
403733694,1119,1101,2220
1197916961,275,290,565
145689592,254,339,593
254047336,0,0,0
1269320543,0,0,0
199970534,0,0,0
104500774,0,0,0
410220395,0,0,0
238955847,0,0,0
433370472,0,0,0
182425454,1749,1801,3550
128187888,2003,1921,3924
122597505,981,1059,2040
1078948738,543,521,1064
145606430,5734,5534,11268
169123922,2693,2684,5377
187656327,758,724,1482
248421936,2741,2690,5431
427119193,554,534,1088
1033075999,815,704,1519
454654235,3198,2867,6065
303896610,1535,1207,2742
248709684,1546,1406,2952
390727870,161,207,368
247734473,617,463,1080
268361540,419,355,774
1349902362,44,54,98
153414443,2181,2161,4342
138876447,1363,1307,2670
142022313,1650,1599,3249
109993793,773,822,1595
137108127,574,582,1156
164381917,1148,1074,2222
508828400,0,0,0
155383556,337,337,674
376884895,1902,2054,3956
143826994,2206,2146,4352
1007147379,697,660,1357
138189678,336,237,573
132178882,2036,1955,3991
173487372,601,685,1286
909982775,46,60,106
255802605,258,261,519
227660565,1838,1846,3684
1155100963,434,358,792
202917714,3477,3040,6517
439810752,1304,1201,2505
967878929,103,89,192
101005587,592,540,1132
219392314,606,757,1363
140386828,4326,4141,8467
163514653,917,651,1568
203197673,3488,3465,6953
152881386,2398,2463,4861
389167051,914,911,1825
292686154,1486,1441,2927
140578768,1840,1872,3712
203183536,2244,2334,4578
112624622,1990,2061,4051
130310319,2212,2317,4529
233422854,282,241,523
1256401770,794,766,1560
1103403813,427,445,872
871792389,360,323,683
437601765,1345,849,2194
189380685,3037,2765,5802
913430972,562,213,775
140104489,2424,2343,4767
1121170451,247,229,476
911615836,292,252,544
162942232,1216,1213,2429
767434930,0,0,0
127936029,1829,1785,3614
105584735,1141,1153,2294
135623933,677,696,1373
375350901,1473,1378,2851
367293857,640,640,1280
484559360,422,452,874
110852578,3354,3264,6618
416129898,917,855,1772
425379636,863,848,1711
388747024,328,286,614
480202134,60,60,120
150371819,309,230,539
252315319,2975,2856,5831
180351590,436,375,811
1440303323,80,66,146
372335880,99,96,195
157713163,1445,1428,2873
673643640,0,0,0
213551166,2376,2329,4705
1243923045,289,275,564
318627709,1077,956,2033
119836953,2119,2028,4147
180130240,1081,876,1957
154562823,2547,2209,4756
112734029,1119,1117,2236
190456324,800,850,1650
110635225,1767,1891,3658
137103862,1422,1401,2823
227841954,1361,1282,2643
113213194,2138,2125,4263
121981169,368,316,684
868915544,1352,1342,2694
223431966,1455,1448,2903
136372741,1314,1335,2649
357390758,1848,1731,3579
244885547,1899,1737,3636
231296881,457,512,969
185523735,235,238,473
135269877,4089,3969,8058
897062291,578,437,1015
910284485,1022,895,1917
322596513,1011,882,1893
135191332,2156,2088,4244
1164407267,372,355,727
226337555,1628,1629,3257
909094029,246,277,523
164882500,860,890,1750
240278569,635,595,1230
137768327,1018,1046,2064
246364969,1619,1661,3280
408015007,242,259,501
173517783,3676,3473,7149
340031770,1643,1521,3164
924537752,146,126,272
1258778641,71,47,118
227326506,564,683,1247
1272618483,0,0,0
110730354,0,0,0
139320890,0,0,0
130224646,0,0,0
130031727,0,0,0
414369690,0,0,0
188188466,0,0,0
385796829,0,0,0
279720210,0,0,0
1015890911,0,0,0
110718422,0,0,0
327669936,0,0,0
133878452,0,0,0
138468285,0,0,0
1417600885,0,0,0
381579097,0,0,0
689298790,0,0,0
366229334,737,727,1464
104908816,1078,1038,2116
893788460,596,526,1122
353173485,422,546,968
176752957,1429,1561,2990
292919437,1280,1244,2524
206377464,1996,2108,4104
1021474693,525,494,1019
451579179,2052,2020,4072
849458309,241,237,478
479981690,23,36,59
121521137,2825,2853,5678
1255303941,461,415,876
138814949,1442,1567,3009
967510650,0,0,0
191966236,2304,2134,4438
392216063,1478,1415,2893
959859900,0,0,0
366630427,1238,1173,2411
143291368,1983,1913,3896
124949416,254,229,483
275801852,183,127,310
128200151,39,44,83
139763963,4048,3928,7976
134717662,3898,3857,7755
107181026,2003,1730,3733
403987429,1443,1317,2760
344005958,1120,1106,2226
167496124,4877,4704,9581
997377744,426,398,824
1101807733,666,613,1279
101777133,3632,3335,6967
135412093,2788,2661,5449
136223394,1087,898,1985
114087283,745,690,1435
740507560,0,0,0
204655516,4721,4397,9118
161656980,421,285,706
847152704,745,709,1454
326820252,2320,2205,4525
212097903,2170,2089,4259
120871990,2998,3034,6032
303505038,1233,967,2200
604817210,0,0,0
169998099,1114,1044,2158
239938454,617,586,1203
369855793,625,536,1161
167189279,831,733,1564
159632139,3331,2850,6181
162140125,2624,2222,4846
128101048,2903,2812,5715
155922988,276,351,627
359962185,529,483,1012
426109193,176,165,341
389987871,619,538,1157
138610609,1764,1742,3506
183144579,2862,2796,5658
135087854,3227,2972,6199
711774280,0,0,0
315147723,2616,2490,5106
165627034,128,146,274
242788739,178,139,317
165035230,836,783,1619
113897728,2136,2191,4327
218432174,2770,2863,5633
167293254,4096,4175,8271
141002287,6058,6244,12302
136563420,1346,1300,2646
487673160,1337,1260,2597
152867979,374,346,720
137762356,1450,1542,2992
173992988,1405,1347,2752
841951380,0,0,0
252270945,717,690,1407
124911448,1192,1126,2318
328937982,1495,1384,2879
368971216,1022,926,1948
113495802,5220,5116,10336
364597550,3783,3705,7488
406464797,4609,4353,8962
165106483,2035,1833,3868
206644773,702,648,1350
285605068,3081,3035,6116
249651676,310,304,614
168483008,2307,2334,4641
240148345,1462,1311,2773
180825488,2442,2311,4753
1225143079,191,152,343
438500497,527,620,1147
208962832,916,890,1806
198539468,96,85,181
866670643,107,117,224
260385113,1849,1822,3671
317388321,547,526,1073
230836846,331,374,705
139063655,1884,1886,3770
131125356,2566,2657,5223
1031464695,412,453,865
166459048,1429,1605,3034
192200895,920,953,1873
312582076,2491,2542,5033
227520317,1252,1224,2476
253208908,450,388,838
955209300,0,0,0
135014854,2181,2216,4397
129935224,2328,2297,4625
168541370,2936,3036,5972
137826227,2828,2786,5614
141926570,2433,2350,4783
147575329,1466,1633,3099
1180740935,96,108,204
371196800,88,78,166
233614831,1539,1458,2997
228832333,1102,1171,2273
147946326,1028,1127,2155
141429565,279,344,623
183595464,2143,2229,4372
326125669,1120,1094,2214
361360792,1683,1617,3300
1009091915,170,210,380
906809895,818,792,1610
338578593,1114,1088,2202
1106691807,674,618,1292
879850047,425,370,795
254951970,0,0,0
848616111,1485,1295,2780
457950403,1031,976,2007
483236390,0,0,0
382432270,623,542,1165
344015454,212,156,368
1231358140,106,96,202
1217623797,324,290,614
185935382,2315,2371,4686
194855185,1106,1140,2246
136145112,2936,2895,5831
903641167,1436,1302,2738
143577334,700,570,1270
191652246,3312,3002,6314
165061823,2378,2314,4692
401087564,798,901,1699
158685963,2156,2221,4377
209245726,906,818,1724
267410084,1673,1666,3339
271678272,928,935,1863
161718136,2476,2562,5038
1193381001,285,274,559
122054373,2964,3004,5968
367708284,2949,2788,5737
451383711,466,342,808
102901253,3243,3059,6302
204596371,1240,1165,2405
416806418,1619,1556,3175
137764089,5045,5101,10146
980210823,501,515,1016
968261384,566,587,1153
213296007,181,203,384
197946416,4378,4450,8828
215887385,109,92,201
1122724215,384,401,785
334214188,116,112,228
207406884,1149,1146,2295
866760780,0,0,0
342503507,1152,1049,2201
226810397,1362,1338,2700
353797521,2365,2166,4531
240978989,1216,1067,2283
884635974,618,495,1113
882898280,494,392,886
285817822,1255,1227,2482
283387410,943,856,1799
201082630,173,217,390
183962036,3378,3102,6480
988787790,0,0,0
192266679,560,670,1230
348417191,1766,1630,3396
884910705,678,667,1345
314733296,80,70,150
163471703,1698,1726,3424
137432223,551,553,1104
457674993,938,952,1890
148882267,800,713,1513
355770993,2782,2687,5469
208843053,353,334,687
385766028,443,282,725
286905282,73,77,150
946764940,0,0,0
120118502,592,505,1097
145039195,1371,1394,2765
887841933,2066,1888,3954
1202117660,283,284,567
247195699,1129,1083,2212
313469076,2748,2604,5352
372226112,750,634,1384
244646331,460,387,847
136674482,336,292,628
134599302,3618,3275,6893
193555966,3960,3535,7495
236402101,3915,3187,7102
177325903,3529,3313,6842
281100902,16,13,29
1064205459,393,375,768
1476206197,27,19,46
247272009,2560,2414,4974
123862085,1590,1541,3131
751587000,0,0,0
442211954,90,113,203
412062153,554,440,994
139578077,1642,1519,3161
893864550,0,0,0
1038444898,176,132,308
1444258534,57,71,128
336793089,492,464,956
169879630,3395,3208,6603
108272486,2155,2015,4170
877750160,0,0,0
118059059,2561,2547,5108
985842680,574,562,1136
401264000,0,0,0
242998212,1898,2142,4040
199281283,612,631,1243
150355015,1209,1292,2501
1235467978,449,468,917
150133833,1420,1288,2708
382080784,925,941,1866
143992491,2630,2359,4989
934431861,148,166,314
901760395,294,263,557
228246145,443,389,832
702604240,0,0,0
356535703,791,738,1529
372850269,981,979,1960
185369028,2577,2613,5190
1209089176,58,62,120
156902699,3815,3837,7652
923489562,138,109,247
444656386,206,192,398
145546637,2563,2552,5115
218741819,849,926,1775
402991078,1590,1579,3169
407583591,1014,950,1964
135653232,1790,1779,3569
1090571442,1401,1205,2606
297197781,1149,1311,2460
138127330,1172,1206,2378
161886909,1069,1101,2170
104839757,1393,1369,2762
138568048,837,884,1721
1013386583,254,180,434
193704506,614,615,1229
251690096,428,406,834
1229271199,147,172,319
169605664,1331,1262,2593
154492559,1624,1300,2924
1106073059,1151,1187,2338
1122167827,468,463,931
351802030,0,0,0
126059382,352,408,760
374262474,191,183,374
1071217215,256,215,471
1003622818,888,891,1779
375703778,3406,3102,6508
364012432,1250,1201,2451
211621118,1080,969,2049
971841960,0,0,0
151752344,2189,2162,4351
230134727,45,59,104
146322163,2815,2589,5404
170837854,4594,4175,8769
764073780,0,0,0
139299432,1299,1359,2658
392262149,2003,1938,3941
137999077,1201,1032,2233
170161638,2653,2635,5288
113911807,1637,1544,3181
136408211,1437,1340,2777
361859362,2012,2059,4071
442760750,805,782,1587
137974897,574,563,1137
104978680,0,0,0
231522187,2266,2275,4541
345032134,2145,1861,4006
465988750,0,0,0
822336610,0,0,0
165718542,3372,3190,6562
146285225,218,244,462
1134958538,721,608,1329
900983975,641,789,1430
997771769,508,546,1054
1096569321,401,436,837
854417785,1372,1353,2725
120024223,2726,2528,5254
868502631,348,310,658
850966377,665,584,1249
302665884,125,111,236
189904565,328,289,617
198457425,1420,1387,2807
223733543,2442,2533,4975
121343097,1861,1942,3803
131436232,1075,1036,2111
151323732,1924,1937,3861
222510497,2007,2047,4054
282544278,737,646,1383
1390333636,245,265,510
360381538,1636,1539,3175
863668851,369,249,618
165139158,919,891,1810
322631708,1253,1154,2407
120825228,3983,4014,7997
362729787,321,299,620
177888458,3366,2939,6305
157933678,1333,1302,2635
370487253,780,712,1492
138095018,2097,2078,4175
143819267,731,697,1428
197759181,1476,1374,2850
1207092958,79,70,149
214943519,844,726,1570
139834907,3246,3169,6415
109993200,1475,1379,2854
207511243,1715,1817,3532
408844271,1753,1592,3345
137671505,2196,2121,4317
188247782,3503,3463,6966
107849808,6238,6112,12350
244871331,1429,1256,2685
144829082,3428,3447,6875
290783226,230,212,442
343287028,637,611,1248
861875822,1247,1164,2411
1041772680,1098,1044,2142
312917885,331,347,678
374649554,1173,1025,2198
457784323,488,502,990
426481062,288,229,517
422434966,2708,2601,5309
147707547,1125,1070,2195
184797543,280,303,583
141564270,138,158,296
191558256,1445,1536,2981
347864681,1204,936,2140
434871960,776,751,1527
1477268320,9,6,15
1132018214,224,217,441
181684382,1045,1085,2130
1239567089,120,115,235
844930082,102,115,217
142584584,146,80,226
167800074,2828,2822,5650
1138319275,135,130,265
432357856,198,154,352
367715538,332,280,612
1173044291,59,67,126
1156286153,266,237,503
105544528,1115,1148,2263
113656914,1531,1394,2925
956531930,0,0,0
135998653,1738,1593,3331
843607767,61,70,131
1290733631,330,325,655
1258209384,89,54,143
290828336,576,529,1105
379448136,1558,1403,2961
1234769726,1225,1125,2350
151335521,2162,2181,4343
197928848,1030,1005,2035
1078187668,565,579,1144
503284060,0,0,0
148328123,1434,1425,2859
278806856,0,0,0
151050060,0,0,0
186244788,0,0,0
128776818,0,0,0
144272180,0,0,0
857115467,0,0,0
314078315,0,0,0
880932370,0,0,0
912337390,0,0,0
143108262,0,0,0
450023181,0,0,0
425398133,0,0,0
191000171,0,0,0
203179587,0,0,0
143749025,0,0,0
183434833,0,0,0
1107861082,0,0,0
1149170851,0,0,0
337070685,0,0,0
184562755,0,0,0
903925136,0,0,0
477127520,0,0,0
266233568,0,0,0
142106552,0,0,0
891530479,0,0,0
180780535,0,0,0
157695973,0,0,0
235641958,1895,1845,3740
118033014,3750,3777,7527
153993678,3850,3733,7583
192089725,3358,3538,6896
189589719,2577,2383,4960
252441375,619,548,1167
919341946,434,402,836
192831649,2652,2768,5420
131432290,4604,4488,9092
296956888,1803,1775,3578
140796346,1268,1166,2434
307991290,1197,1237,2434
136107203,1476,1608,3084
161378531,1597,1664,3261
174603089,2863,2809,5672
217969653,1569,1444,3013
454027200,460,506,966
149286063,1207,1084,2291
381592465,1125,1323,2448
150468688,2971,3028,5999
877977310,0,0,0
1442696625,289,302,591
171246689,1335,1369,2704
563808430,0,0,0
158293379,258,306,564
295216720,659,627,1286
235350398,4960,5048,10008
149401414,4050,4034,8084
860191965,1238,1183,2421
644322800,0,0,0
116455730,3577,3280,6857
113278025,2293,2292,4585
167560524,668,666,1334
965927065,1009,942,1951
881707075,579,636,1215
260274224,2620,2370,4990
116951316,1107,1094,2201
130246493,1220,1110,2330
398951474,546,481,1027
913190160,0,0,0
167180666,407,429,836
849656980,0,0,0
1017268496,867,879,1746
1406969852,362,358,720
320497098,2190,2064,4254
145330735,2148,2261,4409
132102003,1999,1496,3495
125065522,1873,1515,3388
745230940,0,0,0
130259300,1466,1517,2983
120513323,1355,1417,2772
880048497,471,450,921
461723970,0,0,0
878341716,573,603,1176
940013994,1053,1034,2087
283782128,3126,3151,6277
239842842,729,607,1336
301183695,1337,1250,2587
205640134,1862,1806,3668
1011043685,347,275,622
160387367,2401,2091,4492
330501258,1105,1000,2105
1101055452,17,1,18
827467150,0,0,0
176176529,729,725,1454
1026821013,303,343,646
933530950,0,0,0
247277380,652,704,1356
147236975,796,718,1514
170193454,478,453,931
352742592,1175,1029,2204
373848448,1225,1038,2263
202362696,1878,1913,3791
148509517,1354,1493,2847
276384250,3028,3143,6171
998425930,0,0,0
143953519,1333,1236,2569
285072374,166,146,312
202104951,2110,1972,4082
451047568,1705,1788,3493
173560496,2244,1927,4171
345248038,3057,2744,5801
206073704,3841,3457,7298
336546555,725,683,1408
141191468,723,777,1500
249761147,214,201,415
448215293,77,64,141
139764928,1822,1722,3544
138884399,212,245,457
188100982,271,273,544
197373594,3249,3070,6319
651228440,0,0,0
345516769,188,209,397
144546494,829,926,1755
460775902,636,592,1228
144492515,3651,3635,7286
1436509897,72,52,124
1260453928,41,32,73
1338276091,80,37,117
1421768630,210,179,389
418567432,436,269,705
188843061,4311,4414,8725
320917950,1240,1199,2439
402008168,1044,1132,2176
354534189,1076,1022,2098
187459102,2178,2262,4440
118890091,2226,2219,4445
100775579,2547,2217,4764
102200742,1552,1347,2899
102129459,936,928,1864
843222870,0,0,0
987220940,0,0,0
1312719297,130,103,233
120487858,2291,2316,4607
138436935,4905,4983,9888
123074825,2363,2443,4806
307642039,1684,1602,3286
135593423,3384,3078,6462
137618357,708,665,1373
835889496,751,593,1344
306865471,1182,1238,2420
383927363,72,107,179
246573115,746,718,1464
1024766922,294,349,643
101998056,1843,2081,3924
1023109264,391,358,749
128323938,1489,1521,3010
105613755,966,943,1909
564154540,0,0,0
152363272,14,13,27
351036693,187,147,334
1060296601,168,113,281
1308400345,484,386,870
138907420,258,209,467
141225300,1784,1770,3554
295598858,1516,1343,2859
295169400,934,844,1778
395894118,1350,1231,2581
185682566,857,915,1772
205814606,785,760,1545
1030396955,1091,949,2040
999941036,693,612,1305
154343003,1430,1076,2506
445724569,1156,1084,2240
420244387,1117,1117,2234
144758056,1546,1354,2900
102121980,2117,2121,4238
456412961,1073,1017,2090
401372866,1231,1216,2447
1419718780,154,176,330
842906419,780,700,1480
326555503,1404,1380,2784
884679361,495,456,951
214410939,361,342,703
149777796,5655,5254,10909
938022430,0,0,0
235466399,363,361,724
103040793,4186,3663,7849
115610714,4692,4612,9304
885446047,2600,2554,5154
211996715,1227,1189,2416
125930164,1040,1039,2079
143001883,2667,2584,5251
139452413,3676,3527,7203
136188388,1893,1774,3667
143872624,4800,4739,9539
296519691,2677,2658,5335
453335940,0,0,0
206008591,1033,947,1980
203115569,1990,2014,4004
223718482,1152,1256,2408
315710600,0,0,0
910678390,0,0,0
904908650,72,90,162
130846535,712,667,1379
136171973,2009,2076,4085
340677962,0,0,0
874405555,2248,2178,4426
101393230,2830,2816,5646
196477361,2092,2018,4110
171238028,1158,919,2077
240664139,1610,1641,3251
164173023,1114,1053,2167
139086902,3068,3121,6189
136351345,2867,2937,5804
890067474,802,718,1520
383653359,1853,1804,3657
958839060,0,0,0
288097148,1705,1658,3363
1000977897,1159,1161,2320
299575818,1819,1671,3490
297452945,305,287,592
133572617,2865,2819,5684
317443335,539,500,1039
355047679,610,684,1294
332994487,439,547,986
323096919,1454,1390,2844
136378679,1074,1148,2222
100796637,627,609,1236
336738589,1376,1274,2650
229347197,1821,1643,3464
358852848,2312,1823,4135
376251900,941,825,1766
136476762,2330,2331,4661
155756934,4017,3847,7864
120789261,3660,3347,7007
1019057950,219,206,425
116102826,1710,1759,3469
166986342,1313,1229,2542
209580063,1202,1154,2356
403383236,110,84,194
1119445560,80,77,157
1008202263,752,662,1414
931116117,96,63,159
1239915402,138,167,305
122259932,2031,1928,3959
660775890,0,0,0
219806167,2203,1971,4174
130197189,1772,1737,3509
243614851,1436,1453,2889
133681976,1922,1930,3852
907812396,375,416,791
181336255,318,377,695
340489480,95,129,224
1142194278,73,72,145
967113260,0,0,0
123480044,109,80,189
140769596,883,896,1779
250253660,1634,1604,3238
145389956,2492,2287,4779
119974995,1110,1022,2132
283641556,1092,1079,2171
1156386751,296,279,575
1137606088,420,431,851
178277221,807,763,1570
1038075334,211,221,432
164245015,1461,1394,2855
126920672,1266,1217,2483
743735380,0,0,0
125321136,1788,1957,3745
1270288306,209,160,369
856220557,313,256,569
142630154,2169,2176,4345
112733518,2547,2280,4827
343650500,0,0,0
843904770,0,0,0
440941693,4388,4270,8658
131922909,956,940,1896
118527672,7612,7555,15167
262277896,885,1063,1948
1017191587,2026,1856,3882
183365140,1222,1218,2440
359165697,2318,2271,4589
376604882,414,433,847
123883047,899,832,1731
134420592,2095,1972,4067
174271683,2296,2331,4627
312308192,841,739,1580
489948423,1245,1143,2388
859084471,1514,1562,3076
219429597,2224,2047,4271
169210174,3083,2985,6068
131347284,1337,1418,2755
138186511,381,330,711
249987848,1780,1659,3439
169324426,1689,1666,3355
172787713,1704,1474,3178
176949384,2288,2195,4483
1265366339,145,142,287
224788959,400,448,848
232070309,156,128,284
105068651,2620,2469,5089
562514160,0,0,0
125522419,2502,2514,5016
407183112,1280,1334,2614
191929894,2303,2320,4623
207789520,0,0,0
316116397,1865,1887,3752
883481093,1671,1602,3273
983119889,1579,1409,2988
433212504,550,491,1041
984851561,50,44,94
349703376,392,403,795
354445953,1662,1679,3341
170834508,2802,2345,5147
1158059052,1048,896,1944
147177765,3110,2956,6066
448343310,0,0,0
469593480,0,0,0
1038089080,1478,1306,2784
232331418,2732,2679,5411
1097533431,1205,1079,2284
1423743941,136,111,247
363931280,853,745,1598
1170833649,623,553,1176
870606290,0,0,0
283583490,224,212,436
1233134203,56,45,101
302156890,297,238,535
272280904,1808,1535,3343
174866696,2203,2079,4282
457424057,560,483,1043
126622639,1171,1226,2397
219277402,1000,923,1923
1259802969,105,107,212
781689520,0,0,0
257189519,2053,2115,4168
351151403,1029,971,2000
146927948,646,594,1240
855774173,39,22,61
138633644,929,1046,1975
323329918,845,598,1443
253940981,1322,1389,2711
113945136,3821,3711,7532
128804404,3681,3470,7151
509998700,0,0,0
259040917,664,650,1314
376824178,324,224,548
160901857,1465,1453,2918
162619450,1400,1287,2687
201865924,1227,1160,2387
102708798,241,226,467
174957424,1474,1528,3002
331063851,2551,2556,5107
163734563,1391,1137,2528
1064267165,625,624,1249
279314692,857,787,1644
1267086504,212,194,406
1337408032,142,158,300
1428346293,185,117,302
1283577752,205,196,401
1358878284,253,238,491
1428432145,211,146,357
307720789,89,88,177
1243395572,392,395,787
135269892,2974,2857,5831
253545203,675,569,1244
362086650,0,0,0
224583607,5406,5296,10702
164525193,3843,3639,7482
317599454,1845,1700,3545
241028500,382,289,671
186014739,267,238,505
116526066,4968,4912,9880
359262802,1420,1185,2605
870757644,322,239,561
132861263,681,754,1435
125544489,1136,1065,2201
344403593,1777,1728,3505
172813096,0,0,0
392216497,0,0,0
216375979,0,0,0
1153754314,0,0,0
113887117,0,0,0
518127430,0,0,0
200104610,0,0,0
970729478,0,0,0
212120777,0,0,0
180815922,0,0,0
149916574,0,0,0
157355489,0,0,0
136502455,0,0,0
109212920,0,0,0
174940926,0,0,0
329135515,0,0,0
398790305,0,0,0
155100995,0,0,0
142715137,0,0,0
176340041,1762,1651,3413
169433855,2292,2209,4501
1074229435,907,898,1805
1040766166,473,409,882
163111475,2116,1929,4045
359709637,2482,2362,4844
179341854,3361,2822,6183
150767935,1867,1667,3534
105737884,263,209,472
441029252,1286,1154,2440
248056580,2413,2481,4894
228096930,960,893,1853
230341553,4122,4078,8200
177537596,1868,1822,3690
879048030,96,112,208
1090534365,1095,967,2062
844762494,1263,1346,2609
357261915,2207,2221,4428
853649632,82,73,155
141313459,2639,2717,5356
150733693,2282,2084,4366
445625478,107,79,186
250000661,1638,1463,3101
370334101,1431,1323,2754
154489595,1400,1348,2748
165243718,3374,3295,6669
241485169,1148,1104,2252
292781686,729,628,1357
145214364,6817,6645,13462
1008556025,1711,1602,3313
138203153,2614,2559,5173
180059349,899,877,1776
1137987003,52,49,101
435231413,460,484,944
180971923,1913,1713,3626
166296113,1409,1365,2774
373772759,1039,853,1892
1163109940,483,370,853
123778287,1105,989,2094
1052319158,733,681,1414
150525545,3184,3111,6295
954074557,221,208,429
127394947,4118,4092,8210
1165301171,1124,1173,2297
596648090,0,0,0
134647100,4094,4240,8334
131456064,2072,2204,4276
1190200543,197,192,389
147668378,1238,1163,2401
123475980,1197,1108,2305
162692012,2109,2012,4121
147021666,4052,3939,7991
409599947,100,42,142
816050290,0,0,0
364059138,1209,1065,2274
1149368005,505,479,984
189143559,438,386,824
326054433,1149,1234,2383
347045983,2431,2420,4851
867692630,0,0,0
294025955,522,548,1070
985649758,1599,1566,3165
315932041,1571,1507,3078
1221274392,530,477,1007
1095210941,611,546,1157
281835786,1093,1043,2136
1061325589,261,224,485
122440242,1859,2043,3902
867477183,1028,1048,2076
742146830,0,0,0
120618609,644,672,1316
126048628,4213,4286,8499
121312345,1578,1487,3065
135252799,2246,2225,4471
314534691,2576,2418,4994
379513869,1922,1506,3428
605227485,1460,1354,2814
236020419,395,389,784
141008523,2287,2215,4502
170250803,877,864,1741
170457469,947,895,1842
849515500,46,48,94
869820029,479,371,850
888574852,250,211,461
150806701,1449,1321,2770
396665562,1148,1244,2392
1091660292,272,327,599
281223276,891,880,1771
207961397,1356,1385,2741
466969940,0,0,0
477917538,1130,1068,2198
125605738,1953,1970,3923
351443940,1160,1257,2417
755252930,0,0,0
440777971,786,760,1546
403938219,1282,1367,2649
251324176,1143,1144,2287
921639453,332,284,616
1068174452,447,410,857
374704373,527,459,986
1298913992,260,258,518
433091384,353,390,743
853246742,644,539,1183
488771185,1972,1910,3882
357171954,2947,2676,5623
1235861425,654,620,1274
238621298,458,334,792
174916320,378,357,735
378225053,2855,2612,5467
419568271,591,545,1136
847473088,581,483,1064
179416946,544,491,1035
313900961,0,0,0
181980404,0,0,0
346951696,0,0,0
347486245,0,0,0
138286684,0,0,0
179275566,0,0,0
179304447,0,0,0
138561660,0,0,0
139643102,0,0,0
931251240,0,0,0
204674914,0,0,0
179700633,0,0,0
841538810,0,0,0
347092988,0,0,0
342859644,0,0,0
352278044,0,0,0
226424595,0,0,0
327035158,0,0,0
214757091,0,0,0
1029258428,0,0,0
924618817,0,0,0
871077745,0,0,0
1015935517,0,0,0
403982149,0,0,0
116779916,0,0,0
349647089,0,0,0
171805384,2646,2681,5327
1018358772,750,754,1504
1239422473,224,170,394
344134955,336,260,596
1100384305,145,132,277
190035621,1185,1155,2340
119594080,2606,2565,5171
169155568,2529,2481,5010
189991777,2834,2627,5461
242001223,1353,1438,2791
143812973,1366,990,2356
151187105,1304,1172,2476
1030782383,1010,944,1954
103000140,785,770,1555
914071454,265,254,519
129562781,711,707,1418
1027964826,713,694,1407
139596907,1019,1038,2057
143712843,2568,2613,5181
298900603,451,365,816
158082365,349,240,589
191815060,1601,1759,3360
268702676,851,879,1730
874642517,277,285,562
153051305,894,932,1826
292965003,2687,2600,5287
234027902,1083,914,1997
142830437,870,832,1702
161773918,5294,5231,10525
183136492,7292,7217,14509
297919631,414,386,800
235756454,855,881,1736
910643781,141,128,269
363382406,2240,2290,4530
944182610,0,0,0
452515084,1140,939,2079
130479523,3258,3225,6483
738544570,0,0,0
289212740,0,0,0
193347390,394,443,837
334434820,0,0,0
351703956,50,42,92
963845930,0,0,0
162510599,6791,6815,13606
325368583,989,981,1970
207482861,1303,1283,2586
220265289,101,75,176
190460981,2243,2258,4501
934015390,0,0,0
129159227,2221,2159,4380
107865213,1052,1093,2145
170655369,2020,1982,4002
147704058,1366,1235,2601
106107137,1921,1642,3563
371805798,679,705,1384
325147568,123,172,295
392801613,83,74,157
171010887,1341,1276,2617
240224403,719,665,1384
145809785,2976,2876,5852
188773029,65,49,114
433008338,0,0,0
297041336,0,0,0
300948875,0,0,0
163685589,0,0,0
152712343,0,0,0
262331968,0,0,0
143621823,0,0,0
1152017099,0,0,0
855904235,0,0,0
111382864,0,0,0
191548548,0,0,0
296119881,0,0,0
172940716,0,0,0
147645963,0,0,0
183072107,451,412,863
139116436,316,304,620
1032524778,280,226,506
383906719,968,844,1812
139400083,1006,878,1884
296003328,1902,1948,3850
262553700,30,31,61
156028081,950,969,1919
180325036,94,76,170
117610496,307,331,638
1256480160,148,218,366
355625212,588,570,1158
182774067,418,301,719
173660934,3650,3520,7170
156193305,1251,1274,2525
430867477,823,739,1562
215526091,3865,3534,7399
149887516,3275,3029,6304
164397914,2126,2047,4173
127332158,339,320,659
120424266,2785,2755,5540
171288817,819,817,1636
851147986,708,616,1324
1156784949,214,211,425
345414051,3778,4020,7798
996167326,547,479,1026
1011917561,420,381,801
1010702635,1442,1271,2713
1069029918,2443,2402,4845
350889681,5489,5339,10828
400868740,2174,1981,4155
198633617,118,109,227
167044868,1316,1238,2554
356654547,472,638,1110
155282209,1116,1048,2164
102848756,2276,2246,4522
363277420,0,0,0
242050000,0,0,0
121144634,908,896,1804
349111150,0,0,0
200165450,0,0,0
269934850,0,0,0
157892761,708,684,1392
158074497,832,785,1617
165148712,681,788,1469
861844262,1445,1410,2855
388449851,1521,1240,2761
398351256,431,578,1009
144850567,1543,1627,3170
136129458,2206,2260,4466
250750629,740,798,1538
908313977,317,367,684
983816950,0,0,0
934914260,0,0,0
321481897,3263,3310,6573
246527335,1219,1238,2457
138116715,2260,2285,4545
224298481,110,94,204
1142385381,842,816,1658
675456323,412,322,734
906534688,0,0,0
209058833,0,0,0
321636637,0,0,0
335970629,0,0,0
460021898,0,0,0
1242192501,0,0,0
218766273,0,0,0
408316160,0,0,0
1251357029,0,0,0
197681058,0,0,0
205295476,0,0,0
159561730,429,482,911
163454554,1487,1478,2965
387451991,2833,2709,5542
1444980202,44,77,121
1179467619,97,107,204
1040148735,62,73,135
210384935,3073,3101,6174
355319012,2081,2171,4252
171424639,746,737,1483
797692816,533,548,1081
217664926,1436,1458,2894
878540146,737,826,1563
867383510,0,0,0
569555770,0,0,0
398128022,2021,1979,4000
104066340,1759,1735,3494
101716222,135,167,302
257044941,874,809,1683
217004207,2907,2985,5892
158180489,1847,1751,3598
296069344,695,835,1530
122586880,4694,4520,9214
120254764,4011,3761,7772
276587756,5700,5584,11284
322961383,2430,2278,4708
150878157,2858,2667,5525
1466548333,47,57,104
129360100,790,764,1554
156155600,2454,2238,4692
480638685,426,340,766
410783304,1302,1144,2446
239800083,1928,1751,3679
128476981,3021,2744,5765
402243953,1640,1649,3289
875830862,294,333,627
223519029,270,253,523
395606776,271,367,638
114488351,1864,2022,3886
1029239396,173,156,329
1477789331,7,2,9
157662691,3084,3102,6186
136552724,3869,3851,7720
150240523,1642,1613,3255
119536193,3019,3026,6045
101175514,582,514,1096
325700310,0,0,0
402079423,330,315,645
111012428,2522,2496,5018
105621026,3107,3089,6196
138131714,411,345,756
1017538082,376,396,772
162258301,1017,1040,2057
278233388,1107,1080,2187
793992980,0,0,0
942326810,0,0,0
1248397232,290,267,557
185638007,1445,1275,2720
293194912,244,165,409
201721519,2209,2374,4583
231938998,1495,1492,2987
361046990,178,194,372
432811130,0,0,0
278753192,828,876,1704
314619513,1861,1753,3614
131465922,2588,2397,4985
237982421,1057,1130,2187
177249654,2940,2625,5565
467725572,583,445,1028
322662971,2399,2169,4568
351883781,2389,1764,4153
101833803,1554,1394,2948
191599616,1714,1731,3445
912579490,0,0,0
119832799,1059,1034,2093
139138928,2987,2971,5958
1243839304,134,123,257
925835151,352,324,676
299391021,2924,2799,5723
1027428294,697,594,1291
136484118,2287,2111,4398
290705930,270,276,546
1034788210,259,230,489
192283649,1846,1845,3691
172175679,1103,1225,2328
1089092296,1608,1624,3232
370546222,762,734,1496
183655845,1460,1510,2970
352274511,2078,1823,3901
101836772,480,418,898
102392533,3322,3255,6577
232496777,146,126,272
370907202,344,396,740
1040748419,197,207,404
288796900,1612,1651,3263
158382724,893,936,1829
220816450,0,0,0
129109898,656,660,1316
355368556,1053,930,1983
237164222,562,536,1098
375319653,261,227,488
419444203,1701,1483,3184
352929507,2089,2227,4316
1179611767,199,152,351
1129382078,1067,962,2029
279926360,2468,2287,4755
134537423,396,322,718
344617144,1344,1310,2654
537948080,0,0,0
237742802,390,372,762
318642846,987,986,1973
237567500,3788,3825,7613
192666363,942,927,1869
444306236,186,194,380
110763356,4788,4922,9710
221938539,763,744,1507
136218077,3147,3101,6248
136768413,0,0,0
1350381004,0,0,0
175937754,0,0,0
149686173,0,0,0
1037719049,0,0,0
1247934828,0,0,0
211728318,0,0,0
145828639,617,622,1239
456634238,791,751,1542
838670775,930,846,1776
106505866,917,697,1614
